[LEFT_CAM_2K]
fx=1064.98
fy=1065.59
cx=1059.18
cy=586.416
k1=-0.0566473
k2=0.02734
p1=0.000283607
p2=-0.000363929
k3=-0.0103239

[RIGHT_CAM_2K]
fx=1068.52
fy=1068.84
cx=1088.88
cy=610.831
k1=-0.0715296
k2=0.0515828
p1=-5.08569e-05
p2=0.000302641
k3=-0.0210183

[LEFT_CAM_FHD]
fx=1064.98
fy=1065.59
cx=915.18
cy=505.416
k1=-0.0566473
k2=0.02734
p1=0.000283607
p2=-0.000363929
k3=-0.0103239

[RIGHT_CAM_FHD]
fx=1068.52
fy=1068.84
cx=944.88
cy=529.831
k1=-0.0715296
k2=0.0515828
p1=-5.08569e-05
p2=0.000302641
k3=-0.0210183

[LEFT_CAM_HD]
fx=532.49
fy=532.795
cx=616.09
cy=341.208
k1=-0.0566473
k2=0.02734
p1=0.000283607
p2=-0.000363929
k3=-0.0103239

[RIGHT_CAM_HD]
fx=534.26
fy=534.42
cx=630.94
cy=353.4155
k1=-0.0715296
k2=0.0515828
p1=-5.08569e-05
p2=0.000302641
k3=-0.0210183

[LEFT_CAM_VGA]
fx=266.245
fy=266.3975
cx=323.545
cy=178.104
k1=-0.0566473
k2=0.02734
p1=0.000283607
p2=-0.000363929
k3=-0.0103239

[RIGHT_CAM_VGA]
fx=267.13
fy=267.21
cx=330.97
cy=184.20775
k1=-0.0715296
k2=0.0515828
p1=-5.08569e-05
p2=0.000302641
k3=-0.0210183

[LEFT_DISTO]
k1=-1.25716
k2=2.60192
k3=0.113326
k4=-1.1612
k5=2.44889
k6=0.284492
p1=0.000172843
p2=-0.000216355

[RIGHT_DISTO]
k1=-1.22238
k2=2.80709
k3=0.0475268
k4=-1.12522
k5=2.65805
k6=0.222522
p1=-0.000135401
p2=0.000194688

[STEREO]
Baseline=119.937
TY=-0.219408
TZ=0.537742
CV_2K=0.00216954
CV_FHD=0.00216954
CV_HD=0.00216954
CV_VGA=0.00216954
RX_2K=0.00442888
RX_FHD=0.00442888
RX_HD=0.00442888
RX_VGA=0.00442888
RZ_2K=0.00239385
RZ_FHD=0.00239385
RZ_HD=0.00239385
RZ_VGA=0.00239385

[MISC]
Sensor_ID=0
